0.000          0 
0.010          15 
0.020          0 
0.030          0 
0.040          9 
0.050          17 
0.060          3 
0.070          28 
0.080          10 
0.090          11 
0.100          10 
0.110          11 
0.120          11 
0.130          11 
0.140          12 
0.150          12 
0.160          10 
0.170          10 
0.180          9 
0.190          9 
0.200          10 
0.210          10 
0.220          11 
0.230          11 
0.240          10 
0.250          10 
0.260          9 
0.270          10 
0.280          9 
0.290          8 
0.300          8 
0.310          9 
0.320          10 
0.330          10 
0.340          10 
0.350          9 
0.360          9 
0.370          8 
0.380          8 
0.390          9 
0.400          10 
0.410          10 
0.420          10 
0.430          10 
0.440          12 
0.450          11 
0.460          10 
0.470          9 
0.480          9 
0.490          9 
0.500          9 
0.510          8 
0.520          8 
0.530          9 
0.540          8 
0.550          8 
0.560          8 
0.570          7 
0.580          7 
0.590          5 
0.600          6 
0.610          7 
0.620          6 
0.630          7 
0.640          7 
0.650          6 
0.660          6 
0.670          6 
0.680          5 
0.690          4 
0.700          4 
0.710          4 
0.720          4 
0.730          5 
0.740          5 
0.750          3 
0.760          3 
0.770          3 
0.780          3 
0.790          2 
0.800          3 
0.810          3 
0.820          3 
0.830          3 
0.840          4 
0.850          6 
0.860          6 
0.870          6 
0.880          6 
0.890          6 
0.900          6 
0.910          5 
0.920          6 
0.930          6 
0.940          6 
0.950          7 
0.960          7 
0.970          7 
0.980          8 
0.990          7 
1.000          6 
1.010          6 
1.020          5 
1.030          5 
1.040          5 
1.050          5 
1.060          6 
1.070          6 
1.080          6 
1.090          5 
1.100          4 
1.110          4 
1.120          3 
1.130          2 
1.140          2 
1.150          2 
1.160          2 
1.170          2 
1.180          2 
1.190          3 
1.200          4 
1.210          3 
1.220          3 
1.230          2 
1.240          2 
1.250          3 
1.260          3 
1.270          4 
1.280          4 
1.290          4 
1.300          3 
1.310          5 
1.320          5 
1.330          5 
1.340          4 
1.350          4 
1.360          4 
1.370          4 
1.380          5 
1.390          5 
1.400          5 
1.410          5 
1.420          5 
1.430          6 
1.440          5 
1.450          5 
1.460          5 
1.470          5 
1.480          5 
1.490          4 
1.500          4 
1.510          4 
1.520          4 
1.530          4 
1.540          4 
1.550          5 
1.560          5 
1.570          4 
1.580          3 
1.590          4 
1.600          4 
1.610          3 
1.620          4 
1.630          3 
1.640          3 
1.650          4 
1.660          4 
1.670          3 
1.680          3 
1.690          3 
1.700          3 
1.710          3 
1.720          4 
1.730          4 
1.740          4 
1.750          5 
1.760          4 
1.770          4 
1.780          5 
1.790          5 
1.800          5 
1.810          5 
1.820          5 
1.830          5 
1.840          5 
1.850          5 
1.860          5 
1.870          5 
1.880          5 
1.890          5 
1.900          6 
1.910          6 
1.920          6 
1.930          5 
1.940          5 
1.950          6 
1.960          6 
1.970          6 
1.980          6 
1.990          6 
2.000          6 
2.010          6 
2.020          6 
2.030          6 
2.040          6 
2.050          5 
2.060          5 
2.070          6 
2.080          6 
2.090          6 
2.100          5 
2.110          5 
2.120          5 
2.130          6 
2.140          6 
2.150          6 
2.160          6 
2.170          6 
2.180          6 
2.190          6 
2.200          6 
2.210          6 
2.220          7 
2.230          7 
2.240          7 
2.250          7 
2.260          8 
2.270          7 
2.280          7 
2.290          9 
2.300          9 
2.310          10 
2.320          10 
2.330          9 
2.340          9 
2.350          9 
2.360          9 
2.370          9 
2.380          10 
2.390          10 
2.400          10 
2.410          10 
2.420          10 
2.430          10 
2.440          10 
2.450          10 
2.460          10 
2.470          11 
2.480          12 
2.490          11 
2.500          12 
2.510          12 
2.520          12 
2.530          12 
2.540          12 
2.550          12 
2.560          13 
2.570          13 
2.580          14 
2.590          14 
2.600          14 
2.610          13 
2.620          13 
2.630          13 
2.640          14 
2.650          14 
2.660          14 
2.670          15 
2.680          14 
2.690          13 
2.700          15 
2.710          14 
2.720          15 
2.730          14 
2.740          14 
2.750          14 
2.760          13 
2.770          13 
2.780          13 
2.790          13 
2.800          13 
2.810          12 
2.820          11 
2.830          12 
2.840          11 
2.850          10 
2.860          10 
2.870          10 
2.880          10 
2.890          11 
2.900          11 
2.910          12 
2.920          12 
2.930          13 
2.940          12 
2.950          13 
2.960          14 
2.970          15 
2.980          14 
2.990          15 
3.000          15 
3.010          15 
3.020          13 
3.030          14 
3.040          14 
3.050          14 
3.060          14 
3.070          12 
3.080          12 
3.090          11 
3.100          11 
3.110          10 
3.120          10 
3.130          11 
3.140          11 
3.150          10 
3.160          11 
3.170          12 
3.180          11 
3.190          11 
3.200          12 
3.210          12 
3.220          13 
3.230          13 
3.240          14 
3.250          15 
3.260          14 
3.270          14 
3.280          14 
3.290          14 
3.300          15 
3.310          15 
3.320          14 
3.330          14 
3.340          13 
3.350          12 
3.360          12 
3.370          12 
3.380          12 
3.390          11 
3.400          10 
3.410          11 
3.420          10 
3.430          11 
3.440          12 
3.450          12 
3.460          13 
3.470          14 
3.480          14 
3.490          14 
3.500          16 
3.510          15 
3.520          14 
3.530          15 
3.540          15 
3.550          16 
3.560          15 
3.570          15 
3.580          14 
3.590          13 
3.600          12 
3.610          10 
3.620          9 
3.630          9 
3.640          9 
3.650          9 
3.660          9 
3.670          9 
3.680          9 
3.690          12 
3.700          11 
3.710          11 
3.720          11 
3.730          12 
3.740          12 
3.750          12 
3.760          12 
3.770          12 
3.780          13 
3.790          12 
3.800          11 
3.810          12 
3.820          12 
3.830          12 
3.840          10 
3.850          11 
3.860          10 
3.870          10 
3.880          9 
3.890          9 
3.900          10 
3.910          11 
3.920          11 
3.930          11 
3.940          11 
3.950          11 
3.960          10 
3.970          10 
3.980          10 
3.990          9 
4.000          9 
4.010          9 
4.020          10 
4.030          9 
4.040          11 
4.050          10 
4.060          10 
4.070          9 
4.080          9 
4.090          8 
4.100          9 
4.110          9 
4.120          9 
4.130          8 
4.140          9 
4.150          8 
4.160          7 
4.170          7 
4.180          7 
4.190          6 
4.200          5 
4.210          4 
4.220          5 
4.230          5 
4.240          5 
4.250          5 
4.260          5 
4.270          5 
4.280          5 
4.290          4 
4.300          5 
4.310          5 
4.320          5 
4.330          6 
4.340          7 
4.350          7 
4.360          7 
4.370          6 
4.380          6 
4.390          5 
4.400          5 
4.410          5 
4.420          7 
4.430          6 
4.440          7 
4.450          6 
4.460          7 
4.470          7 
4.480          6 
4.490          6 
4.500          6 
4.510          6 
4.520          6 
4.530          6 
4.540          6 
4.550          5 
4.560          6 
4.570          5 
4.580          5 
4.590          5 
4.600          4 
4.610          4 
4.620          3 
4.630          4 
4.640          4 
4.650          4 
4.660          5 
4.670          6 
4.680          6 
4.690          7 
4.700          8 
4.710          8 
4.720          7 
4.730          7 
4.740          7 
4.750          8 
4.760          8 
4.770          8 
4.780          7 
4.790          6 
4.800          6 
4.810          5 
4.820          5 
4.830          6 
4.840          5 
4.850          4 
4.860          4 
4.870          5 
4.880          5 
4.890          5 
4.900          4 
4.910          4 
4.920          5 
4.930          5 
4.940          5 
4.950          6 
4.960          7 
4.970          6 
4.980          6 
4.990          6 
5.000          7 
5.010          6 
5.020          7 
5.030          8 
5.040          8 
5.050          9 
5.060          9 
5.070          8 
5.080          8 
5.090          9 
5.100          9 
5.110          8 
5.120          8 
5.130          9 
5.140          8 
5.150          8 
5.160          8 
5.170          7 
5.180          6 
5.190          6 
5.200          6 
5.210          6 
5.220          6 
5.230          5 
5.240          5 
5.250          4 
5.260          4 
5.270          4 
5.280          3 
5.290          4 
5.300          6 
5.310          6 
5.320          6 
5.330          6 
5.340          7 
5.350          5 
5.360          5 
5.370          6 
5.380          5 
5.390          6 
5.400          7 
5.410          8 
5.420          9 
5.430          9 
5.440          8 
5.450          8 
5.460          8 
5.470          9 
5.480          8 
5.490          8 
5.500          10 
5.510          10 
5.520          11 
5.530          13 
5.540          12 
5.550          13 
5.560          13 
5.570          12 
5.580          12 
5.590          12 
5.600          11 
5.610          11 
5.620          12 
5.630          12 
5.640          13 
5.650          12 
5.660          12 
5.670          13 
5.680          12 
5.690          12 
5.700          10 
5.710          11 
5.720          12 
5.730          12 
5.740          13 
5.750          13 
5.760          12 
5.770          12 
5.780          12 
5.790          13 
5.800          12 
5.810          12 
5.820          12 
5.830          12 
5.840          12 
5.850          13 
5.860          13 
5.870          14 
5.880          14 
5.890          14 
5.900          15 
5.910          16 
5.920          16 
5.930          17 
5.940          17 
5.950          19 
5.960          18 
5.970          17 
5.980          17 
5.990          19 
6.000          18 
6.010          19 
6.020          19 
6.030          21 
6.040          22 
6.050          22 
6.060          23 
6.070          24 
6.080          24 
6.090          24 
6.100          24 
6.110          25 
6.120          26 
6.130          27 
6.140          26 
6.150          27 
6.160          28 
6.170          28 
6.180          26 
6.190          24 
6.200          25 
6.210          25 
6.220          25 
6.230          26 
6.240          25 
6.250          26 
6.260          27 
6.270          27 
6.280          28 
6.290          29 
6.300          30 
6.310          28 
6.320          28 
6.330          28 
6.340          28 
6.350          29 
6.360          29 
6.370          28 
6.380          27 
6.390          28 
6.400          28 
6.410          28 
6.420          29 
6.430          28 
6.440          28 
6.450          26 
6.460          27 
6.470          28 
6.480          30 
6.490          31 
6.500          30 
6.510          29 
6.520          31 
6.530          31 
6.540          32 
6.550          32 
6.560          31 
6.570          31 
6.580          32 
6.590          32 
6.600          32 
6.610          32 
6.620          31 
6.630          29 
6.640          29 
6.650          30 
6.660          31 
6.670          30 
6.680          29 
6.690          29 
6.700          30 
6.710          30 
6.720          29 
6.730          29 
6.740          29 
6.750          30 
6.760          30 
6.770          30 
6.780          32 
6.790          32 
6.800          30 
6.810          30 
6.820          30 
6.830          30 
6.840          30 
6.850          29 
6.860          29 
6.870          29 
6.880          28 
6.890          29 
6.900          29 
6.910          29 
6.920          29 
6.930          27 
6.940          29 
6.950          30 
6.960          30 
6.970          30 
6.980          30 
6.990          29 
7.000          30 
7.010          31 
7.020          31 
7.030          31 
7.040          30 
7.050          29 
7.060          28 
7.070          28 
7.080          29 
7.090          29 
7.100          29 
7.110          29 
7.120          28 
7.130          29 
7.140          29 
7.150          27 
7.160          27 
7.170          28 
7.180          29 
7.190          28 
7.200          29 
7.210          30 
7.220          30 
7.230          29 
7.240          28 
7.250          28 
7.260          27 
7.270          27 
7.280          26 
7.290          25 
7.300          26 
7.310          25 
7.320          23 
7.330          22 
7.340          22 
7.350          23 
7.360          22 
7.370          23 
7.380          22 
7.390          22 
7.400          22 
7.410          21 
7.420          21 
7.430          22 
7.440          21 
7.450          21 
7.460          21 
7.470          22 
7.480          20 
7.490          18 
7.500          17 
7.510          18 
7.520          17 
7.530          17 
7.540          16 
7.550          16 
7.560          16 
7.570          15 
7.580          14 
7.590          13 
7.600          14 
7.610          15 
7.620          14 
7.630          15 
7.640          15 
7.650          16 
7.660          14 
7.670          14 
7.680          14 
7.690          15 
7.700          14 
7.710          14 
7.720          14 
7.730          14 
7.740          15 
7.750          12 
7.760          11 
7.770          12 
7.780          11 
7.790          11 
7.800          11 
7.810          12 
7.820          12 
7.830          11 
7.840          10 
7.850          11 
7.860          10 
7.870          10 
7.880          11 
7.890          11 
7.900          11 
7.910          10 
7.920          9 
7.930          10 
7.940          11 
7.950          11 
7.960          9 
7.970          11 
7.980          11 
7.990          11 
8.000          10 
8.010          10 
8.020          9 
8.030          8 
8.040          8 
8.050          9 
8.060          9 
8.070          9 
8.080          8 
8.090          7 
8.100          5 
8.110          6 
8.120          5 
8.130          6 
8.140          6 
8.150          6 
8.160          6 
8.170          6 
8.180          7 
8.190          7 
8.200          7 
8.210          7 
8.220          7 
8.230          7 
8.240          7 
8.250          7 
8.260          6 
8.270          5 
8.280          4 
8.290          4 
8.300          4 
8.310          4 
8.320          4 
8.330          4 
8.340          3 
8.350          3 
8.360          3 
8.370          3 
8.380          3 
8.390          4 
8.400          4 
8.410          4 
8.420          5 
8.430          6 
8.440          5 
8.450          5 
8.460          6 
8.470          7 
8.480          7 
8.490          7 
8.500          7 
8.510          7 
8.520          8 
8.530          9 
8.540          9 
8.550          8 
8.560          8 
8.570          9 
8.580          8 
8.590          8 
8.600          9 
8.610          9 
8.620          9 
8.630          9 
8.640          8 
8.650          8 
8.660          8 
8.670          8 
8.680          8 
8.690          9 
8.700          10 
8.710          11 
8.720          10 
8.730          11 
8.740          11 
8.750          10 
8.760          10 
8.770          10 
8.780          10 
8.790          10 
8.800          11 
8.810          12 
8.820          11 
8.830          13 
8.840          12 
8.850          10 
8.860          11 
8.870          12 
8.880          12 
8.890          13 
8.900          13 
8.910          13 
8.920          14 
8.930          14 
8.940          16 
8.950          17 
8.960          16 
8.970          16 
8.980          15 
8.990          16 
9.000          18 
9.010          19 
9.020          18 
9.030          18 
9.040          18 
9.050          18 
9.060          19 
9.070          19 
9.080          21 
9.090          20 
9.100          20 
9.110          21 
9.120          22 
9.130          23 
9.140          24 
9.150          24 
9.160          24 
9.170          25 
9.180          27 
9.190          27 
9.200          27 
9.210          28 
9.220          28 
9.230          27 
9.240          29 
9.250          30 
9.260          30 
9.270          30 
9.280          30 
9.290          29 
9.300          30 
9.310          31 
9.320          31 
9.330          32 
9.340          33 
9.350          35 
9.360          35 
9.370          36 
9.380          35 
9.390          35 
9.400          35 
9.410          35 
9.420          35 
9.430          37 
9.440          37 
9.450          38 
9.460          38 
9.470          38 
9.480          38 
9.490          38 
9.500          38 
9.510          38 
9.520          39 
9.530          40 
9.540          42 
9.550          42 
9.560          43 
9.570          45 
9.580          44 
9.590          45 
9.600          45 
9.610          45 
9.620          45 
9.630          45 
9.640          45 
9.650          46 
9.660          46 
9.670          47 
9.680          46 
9.690          46 
9.700          45 
9.710          46 
9.720          46 
9.730          46 
9.740          46 
9.750          47 
9.760          47 
9.770          47 
9.780          47 
9.790          47 
9.800          47 
9.810          48 
9.820          49 
9.830          50 
9.840          51 
9.850          53 
9.860          52 
9.870          52 
9.880          53 
9.890          53 
9.900          54 
9.910          55 
9.920          55 
9.930          55 
9.940          55 
9.950          55 
9.960          55 
9.970          54 
9.980          54 
9.990          54 
10.000         54 
10.010         54 
10.020         55 
10.030         55 
10.040         55 
10.050         55 
10.060         55 
10.070         56 
10.080         57 
10.090         57 
10.100         57 
10.110         57 
10.120         58 
10.130         57 
10.140         56 
10.150         56 
10.160         56 
10.170         55 
10.180         55 
10.190         53 
10.200         53 
10.210         53 
10.220         52 
10.230         52 
10.240         52 
10.250         52 
10.260         51 
10.270         50 
10.280         52 
10.290         52 
10.300         52 
10.310         53 
10.320         54 
10.330         54 
10.340         55 
10.350         54 
10.360         56 
10.370         55 
10.380         55 
10.390         55 
10.400         54 
10.410         54 
10.420         56 
10.430         55 
10.440         54 
10.450         54 
10.460         52 
10.470         52 
10.480         53 
10.490         54 
10.500         54 
10.510         53 
10.520         54 
10.530         53 
10.540         54 
10.550         54 
10.560         53 
10.570         51 
10.580         52 
10.590         52 
10.600         51 
10.610         51 
10.620         51 
10.630         49 
10.640         47 
10.650         49 
10.660         48 
10.670         48 
10.680         48 
10.690         48 
10.700         48 
10.710         49 
10.720         49 
10.730         47 
10.740         46 
10.750         47 
10.760         46 
10.770         46 
10.780         45 
10.790         46 
10.800         43 
10.810         43 
10.820         41 
10.830         41 
10.840         39 
10.850         37 
10.860         39 
10.870         38 
10.880         40 
10.890         39 
10.900         38 
10.910         38 
10.920         39 
10.930         39 
10.940         38 
10.950         38 
10.960         36 
10.970         37 
10.980         36 
10.990         35 
11.000         35 
11.010         32 
11.020         33 
11.030         31 
11.040         29 
11.050         29 
11.060         27 
11.070         26 
11.080         26 
11.090         26 
11.100         26 
11.110         26 
11.120         27 
11.130         27 
11.140         27 
11.150         26 
11.160         25 
11.170         24 
11.180         24 
11.190         26 
11.200         26 
11.210         26 
11.220         26 
11.230         25 
11.240         25 
11.250         25 
11.260         24 
11.270         22 
11.280         21 
11.290         21 
11.300         21 
11.310         22 
11.320         20 
11.330         20 
11.340         19 
11.350         19 
11.360         19 
11.370         18 
11.380         18 
11.390         17 
11.400         16 
11.410         18 
11.420         18 
11.430         18 
11.440         17 
11.450         16 
11.460         16 
11.470         16 
11.480         14 
11.490         13 
11.500         12 
11.510         11 
11.520         12 
11.530         11 
11.540         11 
11.550         9 
11.560         9 
11.570         9 
11.580         9 
11.590         8 
11.600         8 
11.610         7 
11.620         6 
11.630         6 
11.640         6 
11.650         6 
11.660         5 
11.670         4 
11.680         4 
11.690         4 
11.700         4 
11.710         3 
11.720         2 
11.730         1 
11.740         1 
11.750         1 
11.760         2 
11.770         3 
11.780         4 
11.790         4 
11.800         3 
11.810         3 
11.820         3 
11.830         3 
11.840         4 
11.850         4 
11.860         4 
11.870         4 
11.880         4 
11.890         5 
11.900         5 
11.910         5 
11.920         4 
11.930         4 
11.940         5 
11.950         6 
11.960         7 
11.970         7 
11.980         8 
11.990         8 
12.000         8 
12.010         8 
12.020         8 
12.030         9 
12.040         7 
12.050         8 
12.060         10 
12.070         9 
12.080         8 
12.090         7 
12.100         7 
12.110         7 
12.120         7 
12.130         7 
12.140         7 
12.150         7 
12.160         9 
12.170         9 
12.180         10 
12.190         10 
12.200         11 
12.210         11 
12.220         11 
12.230         12 
12.240         12 
12.250         12 
12.260         13 
12.270         14 
12.280         16 
12.290         16 
12.300         18 
12.310         17 
12.320         18 
12.330         19 
12.340         20 
12.350         21 
12.360         22 
12.370         23 
12.380         24 
12.390         26 
12.400         28 
12.410         27 
12.420         29 
12.430         29 
12.440         29 
12.450         30 
12.460         33 
12.470         33 
12.480         34 
12.490         35 
12.500         36 
12.510         36 
12.520         36 
12.530         38 
12.540         39 
12.550         38 
12.560         41 
12.570         43 
12.580         44 
12.590         47 
12.600         48 
12.610         48 
12.620         50 
12.630         51 
12.640         53 
12.650         54 
12.660         56 
12.670         58 
12.680         59 
12.690         61 
12.700         64 
12.710         65 
12.720         65 
12.730         65 
12.740         65 
12.750         66 
12.760         66 
12.770         67 
12.780         67 
12.790         68 
12.800         70 
12.810         70 
12.820         71 
12.830         72 
12.840         73 
12.850         72 
12.860         72 
12.870         73 
12.880         76 
12.890         77 
12.900         78 
12.910         80 
12.920         81 
12.930         83 
12.940         83 
12.950         84 
12.960         85 
12.970         88 
12.980         89 
12.990         90 
13.000         92 
13.010         93 
13.020         95 
13.030         95 
13.040         96 
13.050         98 
13.060         98 
13.070         100 
13.080         99 
13.090         102 
13.100         103 
13.110         104 
13.120         104 
13.130         104 
13.140         105 
13.150         106 
13.160         107 
13.170         109 
13.180         109 
13.190         111 
13.200         112 
13.210         114 
13.220         114 
13.230         115 
13.240         115 
13.250         114 
13.260         115 
13.270         117 
13.280         119 
13.290         121 
13.300         122 
13.310         123 
13.320         123 
13.330         123 
13.340         123 
13.350         123 
13.360         124 
13.370         124 
13.380         126 
13.390         128 
13.400         130 
13.410         130 
13.420         131 
13.430         130 
13.440         131 
13.450         132 
13.460         132 
13.470         133 
13.480         135 
13.490         137 
13.500         138 
13.510         137 
13.520         138 
13.530         138 
13.540         138 
13.550         139 
13.560         140 
13.570         142 
13.580         144 
13.590         144 
13.600         145 
13.610         144 
13.620         144 
13.630         144 
13.640         143 
13.650         144 
13.660         146 
13.670         146 
13.680         147 
13.690         148 
13.700         147 
13.710         147 
13.720         145 
13.730         144 
13.740         143 
13.750         143 
13.760         143 
13.770         143 
13.780         143 
13.790         142 
13.800         141 
13.810         139 
13.820         140 
13.830         139 
13.840         138 
13.850         138 
13.860         138 
13.870         139 
13.880         138 
13.890         137 
13.900         137 
13.910         137 
13.920         137 
13.930         136 
13.940         137 
13.950         137 
13.960         138 
13.970         137 
13.980         137 
13.990         137 
14.000         136 
14.010         135 
14.020         134 
14.030         133 
14.040         134 
14.050         133 
14.060         134 
14.070         134 
14.080         133 
14.090         132 
14.100         131 
14.110         130 
14.120         131 
14.130         129 
14.140         128 
14.150         127 
14.160         128 
14.170         128 
14.180         127 
14.190         126 
14.200         125 
14.210         123 
14.220         121 
14.230         121 
14.240         120 
14.250         120 
14.260         118 
14.270         116 
14.280         116 
14.290         115 
14.300         113 
14.310         111 
14.320         110 
14.330         110 
14.340         109 
14.350         109 
14.360         108 
14.370         107 
14.380         106 
14.390         104 
14.400         104 
14.410         104 
14.420         103 
14.430         103 
14.440         102 
14.450         102 
14.460         101 
14.470         99 
14.480         96 
14.490         95 
14.500         94 
14.510         93 
14.520         91 
14.530         90 
14.540         90 
14.550         88 
14.560         86 
14.570         84 
14.580         84 
14.590         82 
14.600         80 
14.610         78 
14.620         77 
14.630         76 
14.640         74 
14.650         72 
14.660         71 
14.670         70 
14.680         67 
14.690         66 
14.700         66 
14.710         64 
14.720         63 
14.730         62 
14.740         60 
14.750         58 
14.760         58 
14.770         57 
14.780         56 
14.790         55 
14.800         54 
14.810         53 
14.820         51 
14.830         50 
14.840         48 
14.850         46 
14.860         43 
14.870         41 
14.880         40 
14.890         40 
14.900         39 
14.910         37 
14.920         36 
14.930         35 
14.940         33 
14.950         32 
14.960         30 
14.970         30 
14.980         30 
14.990         29 
15.000         28 
15.010         29 
15.020         29 
15.030         26 
15.040         24 
15.050         22 
15.060         22 
15.070         20 
15.080         20 
15.090         18 
15.100         17 
15.110         18 
15.120         16 
15.130         16 
15.140         16 
15.150         16 
15.160         15 
15.170         15 
15.180         15 
15.190         14 
15.200         14 
15.210         15 
15.220         14 
15.230         14 
15.240         14 
15.250         13 
15.260         12 
15.270         12 
15.280         10 
15.290         10 
15.300         8 
15.310         8 
15.320         7 
15.330         7 
15.340         8 
15.350         8 
15.360         7 
15.370         7 
15.380         6 
15.390         7 
15.400         7 
15.410         7 
15.420         8 
15.430         8 
15.440         8 
15.450         8 
15.460         8 
15.470         8 
15.480         8 
15.490         8 
15.500         8 
15.510         10 
15.520         10 
15.530         11 
15.540         12 
15.550         13 
15.560         14 
15.570         14 
15.580         15 
15.590         15 
15.600         16 
15.610         16 
15.620         17 
15.630         18 
15.640         19 
15.650         20 
15.660         19 
15.670         21 
15.680         22 
15.690         22 
15.700         24 
15.710         26 
15.720         27 
15.730         30 
15.740         32 
15.750         33 
15.760         36 
15.770         39 
15.780         42 
15.790         44 
15.800         46 
15.810         48 
15.820         50 
15.830         52 
15.840         55 
15.850         56 
15.860         59 
15.870         62 
15.880         64 
15.890         68 
15.900         71 
15.910         72 
15.920         75 
15.930         77 
15.940         80 
15.950         84 
15.960         87 
15.970         90 
15.980         93 
15.990         96 
16.000         99 
16.010         102 
16.020         104 
16.030         108 
16.040         111 
16.050         114 
16.060         118 
16.070         121 
16.080         125 
16.090         130 
16.100         135 
16.110         138 
16.120         144 
16.130         149 
16.140         154 
16.150         157 
16.160         162 
16.170         168 
16.180         173 
16.190         178 
16.200         184 
16.210         191 
16.220         196 
16.230         201 
16.240         207 
16.250         211 
16.260         218 
16.270         223 
16.280         228 
16.290         234 
16.300         240 
16.310         246 
16.320         251 
16.330         258 
16.340         264 
16.350         270 
16.360         277 
16.370         285 
16.380         293 
16.390         300 
16.400         308 
16.410         316 
16.420         323 
16.430         331 
16.440         339 
16.450         347 
16.460         355 
16.470         363 
16.480         371 
16.490         381 
16.500         389 
16.510         397 
16.520         406 
16.530         414 
16.540         422 
16.550         430 
16.560         440 
16.570         450 
16.580         458 
16.590         467 
16.600         477 
16.610         487 
16.620         498 
16.630         507 
16.640         518 
16.650         527 
16.660         538 
16.670         548 
16.680         557 
16.690         568 
16.700         579 
16.710         590 
16.720         600 
16.730         612 
16.740         625 
16.750         636 
16.760         647 
16.770         660 
16.780         671 
16.790         683 
16.800         695 
16.810         707 
16.820         720 
16.830         732 
16.840         746 
16.850         759 
16.860         771 
16.870         782 
16.880         793 
16.890         805 
16.900         818 
16.910         832 
16.920         843 
16.930         857 
16.940         869 
16.950         881 
16.960         895 
16.970         907 
16.980         920 
16.990         931 
17.000         943 
17.010         957 
17.020         971 
17.030         986 
17.040         999 
17.050         1012 
17.060         1025 
17.070         1039 
17.080         1051 
17.090         1065 
17.100         1078 
17.110         1092 
17.120         1107 
17.130         1121 
17.140         1137 
17.150         1153 
17.160         1167 
17.170         1180 
17.180         1195 
17.190         1212 
17.200         1228 
17.210         1243 
17.220         1260 
17.230         1276 
17.240         1292 
17.250         1309 
17.260         1325 
17.270         1341 
17.280         1357 
17.290         1372 
17.300         1390 
17.310         1406 
17.320         1423 
17.330         1439 
17.340         1454 
17.350         1469 
17.360         1485 
17.370         1500 
17.380         1515 
17.390         1532 
17.400         1547 
17.410         1563 
17.420         1578 
17.430         1595 
17.440         1610 
17.450         1625 
17.460         1640 
17.470         1656 
17.480         1672 
17.490         1688 
17.500         1703 
17.510         1720 
17.520         1735 
17.530         1751 
17.540         1765 
17.550         1778 
17.560         1792 
17.570         1808 
17.580         1821 
17.590         1836 
17.600         1849 
17.610         1863 
17.620         1876 
17.630         1889 
17.640         1902 
17.650         1915 
17.660         1925 
17.670         1939 
17.680         1952 
17.690         1965 
17.700         1979 
17.710         1992 
17.720         2002 
17.730         2014 
17.740         2026 
17.750         2039 
17.760         2051 
17.770         2065 
17.780         2078 
17.790         2090 
17.800         2102 
17.810         2116 
17.820         2129 
17.830         2142 
17.840         2153 
17.850         2165 
17.860         2177 
17.870         2191 
17.880         2204 
17.890         2215 
17.900         2226 
17.910         2237 
17.920         2248 
17.930         2257 
17.940         2269 
17.950         2281 
17.960         2290 
17.970         2299 
17.980         2308 
17.990         2319 
18.000         2329 
18.010         2339 
18.020         2349 
18.030         2357 
18.040         2368 
18.050         2380 
18.060         2388 
18.070         2398 
18.080         2410 
18.090         2420 
18.100         2430 
18.110         2440 
18.120         2451 
18.130         2459 
18.140         2469 
18.150         2480 
18.160         2490 
18.170         2500 
18.180         2509 
18.190         2519 
18.200         2527 
18.210         2538 
18.220         2546 
18.230         2553 
18.240         2562 
18.250         2570 
18.260         2579 
18.270         2588 
18.280         2595 
18.290         2602 
18.300         2609 
18.310         2616 
18.320         2624 
18.330         2632 
18.340         2639 
18.350         2647 
18.360         2654 
18.370         2661 
18.380         2669 
18.390         2676 
18.400         2684 
18.410         2691 
18.420         2696 
18.430         2704 
18.440         2711 
18.450         2717 
18.460         2724 
18.470         2731 
18.480         2737 
18.490         2743 
18.500         2749 
18.510         2755 
18.520         2760 
18.530         2766 
18.540         2771 
18.550         2776 
18.560         2782 
18.570         2787 
18.580         2791 
18.590         2796 
18.600         2801 
18.610         2805 
18.620         2809 
18.630         2814 
18.640         2816 
18.650         2823 
18.660         2826 
18.670         2831 
18.680         2834 
18.690         2837 
18.700         2840 
18.710         2844 
18.720         2847 
18.730         2851 
18.740         2855 
18.750         2859 
18.760         2863 
18.770         2867 
18.780         2868 
18.790         2872 
18.800         2872 
18.810         2876 
18.820         2878 
18.830         2880 
18.840         2883 
18.850         2886 
18.860         2887 
18.870         2888 
18.880         2888 
18.890         2889 
18.900         2890 
18.910         2892 
18.920         2891 
18.930         2892 
18.940         2892 
18.950         2893 
18.960         2893 
18.970         2892 
18.980         2893 
18.990         2893 
19.000         2893 
19.010         2892 
19.020         2892 
19.030         2892 
19.040         2891 
19.050         2889 
19.060         2888 
19.070         2888 
19.080         2887 
19.090         2887 
19.100         2886 
19.110         2884 
19.120         2883 
19.130         2880 
19.140         2879 
19.150         2877 
19.160         2875 
19.170         2873 
19.180         2871 
19.190         2869 
19.200         2868 
19.210         2865 
19.220         2862 
19.230         2860 
19.240         2856 
19.250         2853 
19.260         2851 
19.270         2848 
19.280         2845 
19.290         2842 
19.300         2838 
19.310         2833 
19.320         2830 
19.330         2827 
19.340         2822 
19.350         2817 
19.360         2813 
19.370         2809 
19.380         2803 
19.390         2797 
19.400         2793 
19.410         2787 
19.420         2782 
19.430         2777 
19.440         2769 
19.450         2763 
19.460         2759 
19.470         2753 
19.480         2747 
19.490         2741 
19.500         2733 
19.510         2726 
19.520         2719 
19.530         2711 
19.540         2704 
19.550         2696 
19.560         2689 
19.570         2682 
19.580         2673 
19.590         2667 
19.600         2661 
19.610         2653 
19.620         2645 
19.630         2637 
19.640         2629 
19.650         2621 
19.660         2612 
19.670         2604 
19.680         2597 
19.690         2588 
19.700         2581 
19.710         2570 
19.720         2563 
19.730         2555 
19.740         2546 
19.750         2538 
19.760         2528 
19.770         2520 
19.780         2511 
19.790         2502 
19.800         2494 
19.810         2487 
19.820         2480 
19.830         2472 
19.840         2464 
19.850         2455 
19.860         2448 
19.870         2438 
19.880         2430 
19.890         2420 
19.900         2408 
19.910         2399 
19.920         2388 
19.930         2380 
19.940         2371 
19.950         2361 
19.960         2350 
19.970         2338 
19.980         2328 
19.990         2316 
20.000         2305 
20.010         2294 
20.020         2283 
20.030         2272 
20.040         2262 
20.050         2252 
20.060         2241 
20.070         2229 
20.080         2217 
20.090         2203 
20.100         2190 
20.110         2178 
20.120         2164 
20.130         2152 
20.140         2141 
20.150         2128 
20.160         2116 
20.170         2104 
20.180         2091 
20.190         2078 
20.200         2065 
20.210         2053 
20.220         2040 
20.230         2027 
20.240         2016 
20.250         2003 
20.260         1990 
20.270         1979 
20.280         1965 
20.290         1950 
20.300         1939 
20.310         1925 
20.320         1912 
20.330         1900 
20.340         1886 
20.350         1873 
20.360         1860 
20.370         1846 
20.380         1832 
20.390         1818 
20.400         1805 
20.410         1792 
20.420         1777 
20.430         1763 
20.440         1753 
20.450         1739 
20.460         1727 
20.470         1712 
20.480         1699 
20.490         1687 
20.500         1673 
20.510         1658 
20.520         1644 
20.530         1631 
20.540         1619 
20.550         1605 
20.560         1592 
20.570         1579 
20.580         1565 
20.590         1549 
20.600         1534 
20.610         1520 
20.620         1507 
20.630         1493 
20.640         1478 
20.650         1465 
20.660         1453 
20.670         1440 
20.680         1427 
20.690         1413 
20.700         1397 
20.710         1385 
20.720         1370 
20.730         1358 
20.740         1346 
20.750         1331 
20.760         1318 
20.770         1305 
20.780         1290 
20.790         1277 
20.800         1264 
20.810         1250 
20.820         1237 
20.830         1223 
20.840         1212 
20.850         1199 
20.860         1186 
20.870         1175 
20.880         1162 
20.890         1149 
20.900         1138 
20.910         1125 
20.920         1112 
20.930         1101 
20.940         1089 
20.950         1077 
20.960         1065 
20.970         1053 
20.980         1040 
20.990         1027 
21.000         1015 
21.010         1002 
21.020         988 
21.030         976 
21.040         964 
21.050         951 
21.060         940 
21.070         928 
21.080         916 
21.090         904 
21.100         891 
21.110         878 
21.120         867 
21.130         856 
21.140         844 
21.150         833 
21.160         821 
21.170         808 
21.180         796 
21.190         784 
21.200         773 
21.210         762 
21.220         751 
21.230         741 
21.240         729 
21.250         720 
21.260         709 
21.270         698 
21.280         686 
21.290         675 
21.300         664 
21.310         653 
21.320         644 
21.330         634 
21.340         623 
21.350         613 
21.360         601 
21.370         590 
21.380         579 
21.390         569 
21.400         557 
21.410         547 
21.420         538 
21.430         530 
21.440         521 
21.450         512 
21.460         503 
21.470         493 
21.480         485 
21.490         476 
21.500         468 
21.510         459 
21.520         451 
21.530         442 
21.540         433 
21.550         425 
21.560         417 
21.570         408 
21.580         398 
21.590         388 
21.600         380 
21.610         371 
21.620         364 
21.630         356 
21.640         350 
21.650         341 
21.660         333 
21.670         324 
21.680         317 
21.690         310 
21.700         302 
21.710         295 
21.720         287 
21.730         280 
21.740         274 
21.750         266 
21.760         260 
21.770         252 
21.780         244 
21.790         236 
21.800         231 
21.810         224 
21.820         218 
21.830         211 
21.840         204 
21.850         198 
21.860         193 
21.870         188 
21.880         183 
21.890         177 
21.900         172 
21.910         165 
21.920         161 
21.930         156 
21.940         152 
21.950         146 
21.960         142 
21.970         137 
21.980         133 
21.990         128 
22.000         123 
22.010         119 
22.020         113 
22.030         109 
22.040         105 
22.050         101 
22.060         96 
22.070         92 
22.080         88 
22.090         83 
22.100         79 
22.110         74 
22.120         70 
22.130         68 
22.140         67 
22.150         63 
22.160         60 
22.170         58 
22.180         54 
22.190         52 
22.200         50 
22.210         47 
22.220         46 
22.230         44 
22.240         42 
22.250         40 
22.260         39 
22.270         38 
22.280         37 
22.290         34 
22.300         34 
22.310         32 
22.320         31 
22.330         30 
22.340         28 
22.350         27 
22.360         26 
22.370         24 
22.380         21 
22.390         20 
22.400         20 
22.410         18 
22.420         17 
22.430         15 
22.440         13 
22.450         11 
22.460         10 
22.470         9 
22.480         8 
22.490         8 
22.500         8 
22.510         8 
22.520         9 
22.530         9 
22.540         10 
22.550         10 
22.560         10 
22.570         10 
22.580         10 
22.590         11 
22.600         11 
22.610         12 
22.620         11 
22.630         11 
22.640         11 
22.650         11 
22.660         12 
22.670         11 
22.680         12 
22.690         12 
22.700         11 
22.710         13 
22.720         13 
22.730         14 
22.740         15 
22.750         16 
22.760         16 
22.770         18 
22.780         18 
22.790         19 
22.800         21 
22.810         22 
22.820         24 
22.830         24 
22.840         25 
22.850         26 
22.860         27 
22.870         27 
22.880         29 
22.890         29 
22.900         30 
22.910         32 
22.920         32 
22.930         34 
22.940         34 
22.950         34 
22.960         36 
22.970         37 
22.980         38 
22.990         40 
23.000         41 
23.010         43 
23.020         44 
23.030         45 
23.040         46 
23.050         49 
23.060         50 
23.070         52 
23.080         53 
23.090         56 
23.100         57 
23.110         57 
23.120         58 
23.130         60 
23.140         61 
23.150         62 
23.160         64 
23.170         66 
23.180         68 
23.190         70 
23.200         70 
23.210         72 
23.220         74 
23.230         75 
23.240         76 
23.250         78 
23.260         81 
23.270         81 
23.280         83 
23.290         85 
23.300         86 
23.310         88 
23.320         89 
23.330         91 
23.340         92 
23.350         94 
23.360         95 
23.370         97 
23.380         99 
23.390         101 
23.400         103 
23.410         104 
23.420         106 
23.430         108 
23.440         109 
23.450         110 
23.460         111 
23.470         112 
23.480         114 
23.490         116 
23.500         117 
23.510         118 
23.520         119 
23.530         121 
23.540         122 
23.550         122 
23.560         122 
23.570         124 
23.580         125 
23.590         126 
23.600         126 
23.610         126 
23.620         126 
23.630         126 
23.640         127 
23.650         128 
23.660         130 
23.670         130 
23.680         129 
23.690         129 
23.700         131 
23.710         132 
23.720         133 
23.730         135 
23.740         136 
23.750         138 
23.760         140 
23.770         141 
23.780         144 
23.790         144 
23.800         144 
23.810         146 
23.820         148 
23.830         149 
23.840         149 
23.850         151 
23.860         152 
23.870         152 
23.880         151 
23.890         152 
23.900         151 
23.910         151 
23.920         152 
23.930         151 
23.940         151 
23.950         152 
23.960         152 
23.970         153 
23.980         153 
23.990         153 
24.000         152 
24.010         152 
24.020         153 
24.030         154 
24.040         154 
24.050         154 
24.060         154 
24.070         154 
24.080         156 
24.090         156 
24.100         154 
24.110         154 
24.120         153 
24.130         153 
24.140         154 
24.150         153 
24.160         152 
24.170         152 
24.180         152 
24.190         151 
24.200         151 
24.210         151 
24.220         152 
24.230         150 
24.240         149 
24.250         151 
24.260         150 
24.270         150 
24.280         149 
24.290         148 
24.300         147 
24.310         148 
24.320         146 
24.330         145 
24.340         147 
24.350         147 
24.360         148 
24.370         147 
24.380         147 
24.390         146 
24.400         145 
24.410         145 
24.420         145 
24.430         145 
24.440         145 
24.450         145 
24.460         144 
24.470         143 
24.480         142 
24.490         140 
24.500         138 
24.510         137 
24.520         137 
24.530         135 
24.540         136 
24.550         135 
24.560         133 
24.570         133 
24.580         132 
24.590         132 
24.600         131 
24.610         130 
24.620         130 
24.630         129 
24.640         130 
24.650         129 
24.660         127 
24.670         127 
24.680         126 
24.690         125 
24.700         122 
24.710         122 
24.720         122 
24.730         121 
24.740         119 
24.750         117 
24.760         116 
24.770         116 
24.780         115 
24.790         113 
24.800         111 
24.810         111 
24.820         109 
24.830         108 
24.840         106 
24.850         106 
24.860         105 
24.870         103 
24.880         101 
24.890         101 
24.900         100 
24.910         98 
24.920         98 
24.930         97 
24.940         95 
24.950         95 
24.960         93 
24.970         93 
24.980         91 
24.990         90 
25.000         89 
25.010         88 
25.020         87 
25.030         86 
25.040         85 
25.050         85 
25.060         85 
25.070         82 
25.080         81 
25.090         80 
25.100         79 
25.110         78 
25.120         77 
25.130         76 
25.140         74 
25.150         75 
25.160         74 
25.170         73 
25.180         73 
25.190         71 
25.200         69 
25.210         68 
25.220         66 
25.230         63 
25.240         63 
25.250         62 
25.260         61 
25.270         59 
25.280         58 
25.290         58 
25.300         56 
25.310         55 
25.320         54 
25.330         53 
25.340         53 
25.350         52 
25.360         51 
25.370         51 
25.380         52 
25.390         50 
25.400         49 
25.410         48 
25.420         46 
25.430         45 
25.440         44 
25.450         43 
25.460         42 
25.470         40 
25.480         38 
25.490         36 
25.500         34 
25.510         33 
25.520         32 
25.530         30 
25.540         30 
25.550         30 
25.560         29 
25.570         30 
25.580         29 
25.590         27 
25.600         27 
25.610         26 
25.620         25 
25.630         27 
25.640         28 
25.650         27 
25.660         26 
25.670         25 
25.680         26 
25.690         25 
25.700         23 
25.710         23 
25.720         21 
25.730         21 
25.740         22 
25.750         21 
25.760         20 
25.770         19 
25.780         16 
25.790         14 
25.800         13 
25.810         13 
25.820         13 
25.830         11 
25.840         11 
25.850         9 
25.860         8 
25.870         9 
25.880         7 
25.890         6 
25.900         4 
25.910         5 
25.920         5 
25.930         6 
25.940         6 
25.950         7 
25.960         8 
25.970         8 
25.980         8 
25.990         8 
26.000         9 
26.010         10 
26.020         11 
26.030         10 
26.040         10 
26.050         10 
26.060         10 
26.070         10 
26.080         11 
26.090         11 
26.100         10 
26.110         9 
26.120         10 
26.130         11 
26.140         10 
26.150         9 
26.160         8 
26.170         7 
26.180         8 
26.190         9 
26.200         10 
26.210         10 
26.220         8 
26.230         8 
26.240         9 
26.250         9 
26.260         9 
26.270         8 
26.280         8 
26.290         9 
26.300         11 
26.310         12 
26.320         13 
26.330         12 
26.340         12 
26.350         12 
26.360         13 
26.370         15 
26.380         14 
26.390         14 
26.400         14 
26.410         14 
26.420         16 
26.430         15 
26.440         15 
26.450         13 
26.460         12 
26.470         11 
26.480         11 
26.490         12 
26.500         12 
26.510         10 
26.520         10 
26.530         11 
26.540         11 
26.550         13 
26.560         13 
26.570         13 
26.580         14 
26.590         14 
26.600         15 
26.610         17 
26.620         17 
26.630         19 
26.640         19 
26.650         19 
26.660         20 
26.670         19 
26.680         19 
26.690         19 
26.700         18 
26.710         20 
26.720         20 
26.730         21 
26.740         22 
26.750         22 
26.760         22 
26.770         22 
26.780         22 
26.790         24 
26.800         26 
26.810         26 
26.820         27 
26.830         27 
26.840         27 
26.850         29 
26.860         30 
26.870         30 
26.880         31 
26.890         31 
26.900         32 
26.910         33 
26.920         33 
26.930         34 
26.940         34 
26.950         34 
26.960         36 
26.970         36 
26.980         39 
26.990         41 
27.000         40 
27.010         41 
27.020         41 
27.030         40 
27.040         40 
27.050         40 
27.060         41 
27.070         41 
27.080         42 
27.090         42 
27.100         42 
27.110         44 
27.120         44 
27.130         42 
27.140         42 
27.150         43 
27.160         43 
27.170         45 
27.180         45 
27.190         47 
27.200         48 
27.210         47 
27.220         48 
27.230         48 
27.240         50 
27.250         50 
27.260         50 
27.270         49 
27.280         51 
27.290         51 
27.300         51 
27.310         52 
27.320         52 
27.330         52 
27.340         51 
27.350         51 
27.360         53 
27.370         53 
27.380         53 
27.390         53 
27.400         53 
27.410         53 
27.420         54 
27.430         54 
27.440         56 
27.450         56 
27.460         57 
27.470         57 
27.480         58 
27.490         58 
27.500         59 
27.510         58 
27.520         58 
27.530         58 
27.540         57 
27.550         58 
27.560         57 
27.570         59 
27.580         57 
27.590         56 
27.600         57 
27.610         56 
27.620         55 
27.630         55 
27.640         54 
27.650         54 
27.660         54 
27.670         55 
27.680         54 
27.690         54 
27.700         55 
27.710         53 
27.720         51 
27.730         53 
27.740         55 
27.750         54 
27.760         53 
27.770         52 
27.780         53 
27.790         52 
27.800         53 
27.810         52 
27.820         53 
27.830         53 
27.840         54 
27.850         53 
27.860         54 
27.870         54 
27.880         54 
27.890         54 
27.900         54 
27.910         53 
27.920         53 
27.930         53 
27.940         53 
27.950         53 
27.960         53 
27.970         52 
27.980         52 
27.990         50 
28.000         49 
28.010         49 
28.020         48 
28.030         47 
28.040         46 
28.050         46 
28.060         46 
28.070         46 
28.080         46 
28.090         46 
28.100         45 
28.110         44 
28.120         44 
28.130         44 
28.140         45 
28.150         45 
28.160         43 
28.170         44 
28.180         45 
28.190         43 
28.200         43 
28.210         43 
28.220         43 
28.230         41 
28.240         40 
28.250         39 
28.260         39 
28.270         39 
28.280         40 
28.290         39 
28.300         37 
28.310         38 
28.320         37 
28.330         36 
28.340         36 
28.350         36 
28.360         36 
28.370         35 
28.380         36 
28.390         35 
28.400         35 
28.410         35 
28.420         33 
28.430         33 
28.440         32 
28.450         33 
28.460         32 
28.470         32 
28.480         31 
28.490         31 
28.500         30 
28.510         30 
28.520         29 
28.530         28 
28.540         28 
28.550         29 
28.560         28 
28.570         28 
28.580         27 
28.590         26 
28.600         26 
28.610         25 
28.620         24 
28.630         23 
28.640         22 
28.650         22 
28.660         20 
28.670         22 
28.680         21 
28.690         21 
28.700         20 
28.710         19 
28.720         18 
28.730         17 
28.740         16 
28.750         15 
28.760         16 
28.770         14 
28.780         15 
28.790         14 
28.800         13 
28.810         14 
28.820         13 
28.830         13 
28.840         13 
28.850         13 
28.860         13 
28.870         12 
28.880         12 
28.890         12 
28.900         13 
28.910         11 
28.920         11 
28.930         11 
28.940         11 
28.950         11 
28.960         11 
28.970         9 
28.980         8 
28.990         9 
29.000         9 
29.010         8 
29.020         9 
29.030         10 
29.040         10 
29.050         9 
29.060         11 
29.070         11 
29.080         10 
29.090         10 
29.100         11 
29.110         10 
29.120         11 
29.130         11 
29.140         11 
29.150         9 
29.160         9 
29.170         10 
29.180         9 
29.190         8 
29.200         8 
29.210         7 
29.220         7 
29.230         6 
29.240         6 
29.250         5 
29.260         5 
29.270         4 
29.280         4 
29.290         4 
29.300         6 
29.310         6 
29.320         4 
29.330         4 
29.340         4 
29.350         4 
29.360         4 
29.370         4 
29.380         5 
29.390         6 
29.400         5 
29.410         5 
29.420         6 
29.430         6 
29.440         7 
29.450         5 
29.460         5 
29.470         5 
29.480         6 
29.490         6 
29.500         6 
29.510         7 
29.520         7 
29.530         7 
29.540         6 
29.550         7 
29.560         6 
29.570         7 
29.580         6 
29.590         6 
29.600         5 
29.610         6 
29.620         6 
29.630         6 
29.640         6 
29.650         6 
29.660         5 
29.670         7 
29.680         6 
29.690         6 
29.700         5 
29.710         5 
29.720         5 
29.730         6 
29.740         6 
29.750         8 
29.760         7 
29.770         7 
29.780         7 
29.790         8 
29.800         7 
29.810         7 
29.820         6 
29.830         6 
29.840         7 
29.850         6 
29.860         6 
29.870         6 
29.880         5 
29.890         6 
29.900         4 
29.910         5 
29.920         5 
29.930         5 
29.940         5 
29.950         5 
29.960         5 
29.970         6 
29.980         6 
29.990         6 
30.000         7 
30.010         7 
30.020         7 
30.030         7 
30.040         7 
30.050         8 
30.060         9 
30.070         10 
30.080         10 
30.090         10 
30.100         10 
30.110         10 
30.120         11 
30.130         10 
30.140         10 
30.150         10 
30.160         11 
30.170         11 
30.180         11 
30.190         12 
30.200         12 
30.210         12 
30.220         12 
30.230         12 
30.240         13 
30.250         15 
30.260         15 
30.270         15 
30.280         16 
30.290         16 
30.300         17 
30.310         16 
30.320         16 
30.330         16 
30.340         16 
30.350         17 
30.360         17 
30.370         17 
30.380         17 
30.390         17 
30.400         16 
30.410         17 
30.420         17 
30.430         16 
30.440         16 
30.450         18 
30.460         18 
30.470         19 
30.480         19 
30.490         19 
30.500         17 
30.510         18 
30.520         17 
30.530         17 
30.540         17 
30.550         18 
30.560         18 
30.570         17 
30.580         18 
30.590         18 
30.600         16 
30.610         17 
30.620         17 
30.630         17 
30.640         17 
30.650         18 
30.660         17 
30.670         18 
30.680         18 
30.690         18 
30.700         18 
30.710         18 
30.720         20 
30.730         20 
30.740         21 
30.750         22 
30.760         21 
30.770         22 
30.780         23 
30.790         24 
30.800         24 
30.810         25 
30.820         25 
30.830         27 
30.840         27 
30.850         27 
30.860         27 
30.870         27 
30.880         28 
30.890         27 
30.900         27 
30.910         28 
30.920         28 
30.930         28 
30.940         28 
30.950         29 
30.960         28 
30.970         27 
30.980         27 
30.990         28 
31.000         28 
31.010         28 
31.020         27 
31.030         26 
31.040         26 
31.050         26 
31.060         26 
31.070         28 
31.080         29 
31.090         29 
31.100         27 
31.110         28 
31.120         30 
31.130         30 
31.140         28 
31.150         29 
31.160         30 
31.170         30 
31.180         31 
31.190         30 
31.200         29 
31.210         29 
31.220         28 
31.230         26 
31.240         25 
31.250         27 
31.260         26 
31.270         25 
31.280         25 
31.290         25 
31.300         24 
31.310         23 
31.320         23 
31.330         23 
31.340         23 
31.350         24 
31.360         25 
31.370         26 
31.380         27 
31.390         27 
31.400         26 
31.410         25 
31.420         26 
31.430         26 
31.440         27 
31.450         28 
31.460         29 
31.470         31 
31.480         30 
31.490         31 
31.500         31 
31.510         30 
31.520         28 
31.530         28 
31.540         29 
31.550         29 
31.560         29 
31.570         30 
31.580         29 
31.590         28 
31.600         27 
31.610         26 
31.620         24 
31.630         23 
31.640         23 
31.650         22 
31.660         21 
31.670         22 
31.680         21 
31.690         21 
31.700         21 
31.710         21 
31.720         20 
31.730         20 
31.740         21 
31.750         21 
31.760         23 
31.770         22 
31.780         24 
31.790         23 
31.800         24 
31.810         24 
31.820         23 
31.830         23 
31.840         23 
31.850         23 
31.860         22 
31.870         23 
31.880         22 
31.890         23 
31.900         22 
31.910         21 
31.920         22 
31.930         20 
31.940         20 
31.950         21 
31.960         21 
31.970         21 
31.980         21 
31.990         20 
32.000         19 
32.010         18 
32.020         18 
32.030         18 
32.040         18 
32.050         17 
32.060         16 
32.070         15 
32.080         14 
32.090         14 
32.100         14 
32.110         13 
32.120         14 
32.130         13 
32.140         14 
32.150         15 
32.160         15 
32.170         14 
32.180         13 
32.190         13 
32.200         13 
32.210         14 
32.220         13 
32.230         14 
32.240         13 
32.250         12 
32.260         12 
32.270         12 
32.280         13 
32.290         13 
32.300         12 
32.310         11 
32.320         11 
32.330         11 
32.340         10 
32.350         10 
32.360         10 
32.370         10 
32.380         9 
32.390         9 
32.400         10 
32.410         9 
32.420         8 
32.430         7 
32.440         6 
32.450         6 
32.460         6 
32.470         6 
32.480         7 
32.490         7 
32.500         7 
32.510         7 
32.520         7 
32.530         7 
32.540         7 
32.550         6 
32.560         6 
32.570         7 
32.580         7 
32.590         7 
32.600         7 
32.610         6 
32.620         6 
32.630         5 
32.640         3 
32.650         3 
32.660         3 
32.670         3 
32.680         3 
32.690         2 
32.700         2 
32.710         3 
32.720         3 
32.730         2 
32.740         2 
32.750         3 
32.760         4 
32.770         5 
32.780         6 
32.790         6 
32.800         5 
32.810         6 
32.820         7 
32.830         7 
32.840         8 
32.850         8 
32.860         8 
32.870         8 
32.880         9 
32.890         9 
32.900         9 
32.910         9 
32.920         8 
32.930         7 
32.940         6 
32.950         7 
32.960         7 
32.970         7 
32.980         6 
32.990         5 
33.000         5 
33.010         5 
33.020         4 
33.030         3 
33.040         3 
33.050         3 
33.060         2 
33.070         2 
33.080         2 
33.090         3 
33.100         2 
33.110         3 
33.120         3 
33.130         3 
33.140         3 
33.150         3 
33.160         4 
33.170         5 
33.180         6 
33.190         5 
33.200         6 
33.210         7 
33.220         7 
33.230         7 
33.240         7 
33.250         7 
33.260         6 
33.270         7 
33.280         9 
33.290         9 
33.300         10 
33.310         9 
33.320         8 
33.330         7 
33.340         8 
33.350         8 
33.360         7 
33.370         8 
33.380         8 
33.390         7 
33.400         8 
33.410         8 
33.420         8 
33.430         6 
33.440         6 
33.450         5 
33.460         5 
33.470         5 
33.480         5 
33.490         5 
33.500         4 
33.510         3 
33.520         3 
33.530         3 
33.540         2 
33.550         2 
33.560         2 
33.570         1 
33.580         3 
33.590         3 
33.600         4 
33.610         4 
33.620         4 
33.630         4 
33.640         3 
33.650         4 
33.660         4 
33.670         4 
33.680         5 
33.690         5 
33.700         5 
33.710         5 
33.720         6 
33.730         4 
33.740         4 
33.750         4 
33.760         3 
33.770         3 
33.780         5 
33.790         5 
33.800         5 
33.810         4 
33.820         5 
33.830         5 
33.840         6 
33.850         6 
33.860         7 
33.870         7 
33.880         8 
33.890         8 
33.900         8 
33.910         8 
33.920         9 
33.930         8 
33.940         8 
33.950         9 
33.960         9 
33.970         10 
33.980         9 
33.990         9 
34.000         8 
34.010         7 
34.020         7 
34.030         6 
34.040         8 
34.050         8 
34.060         10 
34.070         9 
34.080         9 
34.090         9 
34.100         9 
34.110         9 
34.120         8 
34.130         8 
34.140         8 
34.150         9 
34.160         10 
34.170         10 
34.180         10 
34.190         8 
34.200         10 
34.210         9 
34.220         10 
34.230         9 
34.240         10 
34.250         10 
34.260         10 
34.270         12 
34.280         13 
34.290         13 
34.300         13 
34.310         13 
34.320         14 
34.330         15 
34.340         16 
34.350         15 
34.360         15 
34.370         14 
34.380         15 
34.390         15 
34.400         15 
34.410         15 
34.420         15 
34.430         16 
34.440         16 
34.450         16 
34.460         16 
34.470         15 
34.480         16 
34.490         15 
34.500         15 
34.510         15 
34.520         17 
34.530         17 
34.540         17 
34.550         18 
34.560         18 
34.570         17 
34.580         16 
34.590         16 
34.600         18 
34.610         17 
34.620         19 
34.630         19 
34.640         20 
34.650         21 
34.660         21 
34.670         20 
34.680         21 
34.690         21 
34.700         22 
34.710         22 
34.720         21 
34.730         20 
34.740         22 
34.750         21 
34.760         21 
34.770         19 
34.780         18 
34.790         17 
34.800         17 
34.810         17 
34.820         17 
34.830         16 
34.840         16 
34.850         15 
34.860         16 
34.870         16 
34.880         16 
34.890         15 
34.900         16 
34.910         17 
34.920         17 
34.930         10 
34.940         7 
34.950         10 
34.960         34 
34.970         23 
34.980         19 
34.990         18 
